[creditosjosezapata.jpg]
filters=Comicize=1,34.502922,0.000000,100.000000;HDR=1,8.203508,5.105263,29.824560;
moddate=8fff99cec4b2cf01
width=585
height=341
textactive=0
